.Random.seed <-
c(403L, 10L, -1244098974L, -395464131L, 1383431351L, -163773602L, 
1373316760L, -2073606661L, 1883297689L, 1601200168L, 216606934L, 
1610755409L, -100729853L, 1698161554L, 1070944548L, 1545160679L, 
2011282493L, 1093003956L, -803616486L, 678578789L, 1895710463L, 
1725940614L, 1196672272L, -21127757L, -129860015L, 472055296L, 
1846303454L, -784500439L, -1766734629L, 1978123242L, 618099596L, 
1718514895L, 901438597L, 1227380540L, -1057929710L, -892877555L, 
-830099897L, 1374958638L, -593479288L, 1381335179L, 199088745L, 
1750132280L, -1640243482L, 25590401L, 1249863187L, -1276137022L, 
1793358452L, -1860756361L, -1104517779L, 506722820L, 200317226L, 
-320704875L, 836486447L, 1478426678L, -1586236320L, -2126808413L, 
-229651007L, -1216468560L, -551913266L, 1776813625L, 989632587L, 
968395258L, -1748679428L, 1943791935L, -1989188075L, -1373866708L, 
1655289346L, 988892381L, 976861143L, -1908636994L, 695653624L, 
-55530789L, 1431302457L, -1626475384L, -849185738L, 817778801L, 
-90733917L, 1188517874L, 187071300L, 26858503L, -831114787L, 
1947234004L, -2106158598L, 712998213L, -980924001L, 32455462L, 
-295820368L, 1375907923L, 11610993L, 50453152L, 1247833662L, 
-746175159L, 1036336123L, -765182006L, 17502508L, 315624751L, 
-964529179L, 1495411356L, 1081257714L, -1243160723L, -1794115417L, 
-984130866L, -919582680L, 1612731435L, 661198409L, 801251160L, 
-2008966650L, 413287393L, -792583821L, 574263778L, 216294740L, 
-1709335465L, -450813875L, 1857561572L, -1434353206L, 680921141L, 
-783939953L, -1963935850L, 889117504L, -580135421L, -969561055L, 
881983248L, 438539502L, -978158439L, 884136235L, -1814687718L, 
62540508L, -122103073L, 304096437L, 1687245388L, 113172130L, 
1319364093L, 553160439L, 1744103454L, -859682088L, -384057797L, 
1445293017L, -2060175000L, 1243336854L, 1106193937L, 1695401923L, 
-1516979246L, -956430748L, -694676057L, -1631876355L, 388321012L, 
2102520282L, 1927949605L, 822279231L, -1408521274L, -1197012912L, 
1242653811L, -2069624687L, -655337280L, -1456811362L, 1224773225L, 
1844813467L, 581006250L, 1331501004L, 819358351L, -1313865019L, 
-735516036L, -1715378478L, 4723277L, -2121761017L, -1655414034L, 
1653151688L, -1728866101L, 343386409L, 2061996408L, -440297818L, 
77439169L, -64689837L, 194254338L, 94072628L, -134366025L, -407155539L, 
1758820804L, 878336490L, -1465653675L, -1215432721L, 1414301686L, 
1423048992L, 1143008995L, -1506142335L, -1152560656L, 1284067470L, 
-610297863L, -875598453L, 467065274L, 1143806140L, -797918209L, 
-1635309227L, 96924268L, 1839273666L, 1498177821L, -2006935657L, 
-46345474L, -1739347784L, 1578873499L, -1711521543L, 1253925448L, 
-2017235594L, 101850289L, -2047487773L, 1494282162L, -1060835324L, 
-1403100345L, 574667293L, -761393004L, 1351557178L, -1830714747L, 
509969247L, -622117914L, 560805488L, 1115765139L, 139132465L, 
-1949158176L, 1945494910L, 993490953L, -2081163205L, -821279222L, 
963442156L, -685229457L, 66418085L, -287808164L, 1634482482L, 
50186285L, 757188327L, -1252891924L, 1488298324L, 711762194L, 
900296096L, 886846156L, 1248362080L, 773937090L, -1047808216L, 
1861824428L, -1480871108L, -1207105166L, -713286864L, 1104788772L, 
-2126181576L, 1933307610L, -1814280304L, -57700612L, -325141612L, 
951595074L, -1035922176L, 1571800124L, 247267664L, -901480286L, 
-329961144L, 1512507148L, 1350173404L, -959406766L, -974728064L, 
1696755796L, -1185361944L, 1207527674L, -1262478512L, -247218388L, 
267962740L, -413619310L, -840763296L, -1091658356L, -1878213792L, 
1146059234L, -1088531544L, -543353652L, -865021956L, 824780210L, 
1136874992L, 900852676L, 1233401176L, -193881734L, -1263123536L, 
1898322364L, 1997031508L, 384534466L, -1762717664L, -763393860L, 
402711120L, -664656926L, 1685381224L, -2109885364L, -1708922628L, 
1923656690L, -982062848L, -14069388L, -1115784184L, -1357656134L, 
1731461584L, 2063592428L, -567955052L, 2093543890L, 1123836256L, 
1507188556L, 1617205536L, 841854850L, 559226600L, -1479438100L, 
-1875790788L, -5559438L, -1344569744L, 66090020L, -654095560L, 
-1876357990L, -926977328L, -711032644L, -1920225644L, -1581660542L, 
-671704896L, -1350438084L, -1521017712L, 2007522850L, -2052964344L, 
1037106444L, 698326172L, 1569988114L, 1857929088L, 429649428L, 
-2087548376L, -425769670L, -366487088L, 483636332L, 1494497588L, 
-747805038L, 1634306912L, -507509940L, -24340512L, 1291167650L, 
-1515927640L, -1700606580L, -2103187268L, -789509774L, -1858980624L, 
1948123204L, 2141294936L, -1391380934L, -1582458000L, -596150212L, 
-101507308L, -1475086910L, 696498912L, 798959484L, 669085392L, 
-677365598L, -1404249048L, 2119312652L, 2052007868L, 794224946L, 
379218368L, 703957556L, 237054920L, 1800501434L, -1608803952L, 
2046947820L, -1637449132L, 1170571410L, -2064056544L, -689952308L, 
1068914144L, 506001090L, 482386984L, 268104364L, -556219204L, 
935885298L, 1840169264L, -489646940L, 1726998200L, -341766822L, 
-1461394032L, 478073724L, -661587692L, 397120322L, 1255652096L, 
-1311115332L, -561758384L, -1664466142L, 874863944L, -1287783924L, 
-366684068L, 1768738002L, -241935872L, 1657359700L, -887055896L, 
-2089477126L, 1316761808L, -719454932L, -2049805580L, -1492850286L, 
479458400L, 1806451980L, 186651360L, 452364642L, -272987480L, 
-2137468340L, -1468857988L, -710638286L, -14413712L, 1900410692L, 
312004056L, -1613636486L, -1772474832L, 1105627836L, 65916756L, 
-977931198L, -537686624L, 1492179644L, -981165616L, -162165406L, 
224030696L, 700819404L, 2095415036L, -499916302L, -1140209536L, 
602395892L, 2138388104L, -320649414L, -21408944L, 1518630508L, 
-272527212L, -616717998L, 268812000L, -1464421684L, -481226592L, 
-281052286L, -329043224L, -281750804L, -1113330628L, -1290083726L, 
-1783266192L, -877492700L, 313189432L, 690784282L, 1571015376L, 
960816188L, 516912276L, 912796802L, 1998751680L, 2018818364L, 
-1255992688L, 1815051298L, 1546494984L, 1531639948L, -1849848804L, 
-496359790L, 19534976L, 1832116244L, 1947903272L, 124661306L, 
410952912L, 1521042540L, -99331404L, 396044306L, 412227842L, 
452467568L, -1213074663L, 724992779L, -1106292740L, 1409346602L, 
-866320289L, -1307203607L, -622876418L, -640050964L, 2107841597L, 
-1743294457L, -2038649872L, -909310066L, -1602341445L, -1981140067L, 
1342941514L, -265182872L, -1776031919L, -1487072189L, -530113212L, 
329555442L, 1683265479L, -358057583L, -42930922L, 1959212404L, 
1624847365L, -564972465L, -235648952L, -911196698L, -300723437L, 
-982408075L, 962920018L, 1806956704L, 767734153L, -2080259653L, 
153509388L, -1185216614L, -778907889L, -519613095L, 549482478L, 
-696420740L, -523723027L, 1081567639L, -1233796512L, 983144510L, 
1887510795L, -1811410035L, -627511110L, 1332164344L, -1769988959L, 
-542111661L, 648041332L, 151556354L, 1167790487L, 1606822753L, 
917508006L, -1703749212L, -1166155691L, -1970727681L, 734181784L, 
-1077558602L, 31333187L, 880387717L, -1376515294L, -1377030128L, 
-1867240519L, 547716203L, -1539457188L, 588621450L, -1431272833L, 
1538853833L, 1067038814L, -254498036L, 2140992221L, -1236673561L, 
-929660912L, -1178866386L, 1933812187L, -1861339459L, 1531733034L, 
-907209528L, 1084527089L, -99852445L, 1662084964L, -1939816814L, 
-664257689L, -488364751L, -1889288586L, 1830330260L, -1160741979L, 
1903692975L, -1374977688L, -1325700794L, 273826035L, -356680107L, 
-1207573966L, 446730240L, 1192424681L, 379851611L, 1079006636L, 
-1024619078L, -1215317137L, -1324876551L, 262201742L, -1980255140L, 
836503245L, -245329353L, -1770514240L, 556099486L, 333327467L, 
-2001286163L, 1542147674L, -143404776L, 79486593L, 2084090931L, 
-1010236844L, 129123938L, 1257384183L, -620180671L, -1451589178L, 
2122681092L, -1147666763L, 2043242911L, -1406786056L, 356404182L, 
-2109295005L, -1061214683L, -1571293758L, -2103563600L, -530849063L, 
-990620597L, 363604668L, 107288810L, -1861716705L, 1728765353L, 
-1271030978L, -652233172L, -522664835L, 1659829959L, 1114761136L, 
1765898702L, 2127368955L, -1846767267L, -1946774902L, -1036435288L, 
